index;x;y;z
0;-0.000217;0.000408;0.004260
1;0.000250;-0.000316;0.005559
2;-0.000454;0.000422;0.003695
3;0.002185;-0.000669;0.005251
4;-0.001203;-0.000043;0.004346
5;0.002088;0.000306;0.003875
6;-0.001003;0.000107;0.005351
7;0.000976;-0.000444;0.004195
8;0.001804;-0.000353;0.004896
9;0.000227;0.000561;0.005387
10;0.001204;0.000253;0.005884
11;0.000335;-0.001718;0.004706
12;-0.000304;0.001522;0.004054
13;0.000779;-0.000511;0.004541
14;0.000579;0.000650;0.005383
15;0.000006;0.000817;0.004788
16;0.001207;-0.001027;0.004367
17;0.000009;0.000932;0.005566
18;-0.000034;-0.000457;0.005110
19;0.000819;0.000529;0.004591
20;0.001194;0.000190;0.003447
21;-0.000043;-0.000842;0.005356
22;0.001847;0.000832;0.003374
23;0.000481;0.000093;0.005246
24;-0.001505;-0.000619;0.005966
25;-0.000494;0.002304;0.005000
26;0.001103;-0.002057;0.005228
27;0.000432;0.002282;0.003591
28;0.000397;-0.001775;0.005610
29;0.002095;0.002299;0.004726
30;0.000565;-0.003294;0.005046
31;0.000977;0.001301;0.002583
32;-0.000567;-0.001196;0.007595
33;0.004427;0.001286;-0.004590
34;0.011065;-0.022813;0.015362
35;0.002547;0.005284;-0.009006
36;-0.011854;0.020173;-0.005766
37;0.021779;0.007834;-0.004730
38;-0.018969;-0.031745;0.018648
39;-0.013136;-0.022145;-0.031745
40;-0.022437;0.004929;0.006306
41;-0.000131;0.017641;-0.007692
42;0.018758;0.019875;-0.017443
43;0.005534;-0.020284;-0.024120
44;0.005626;0.006031;-0.005895
45;0.017406;-0.018902;0.012745
46;0.000908;-0.003061;0.048266
47;0.004007;0.003567;0.035744
48;0.020139;-0.003514;-0.007565
49;-0.024125;-0.005613;-0.113135
50;0.018004;-0.025103;-0.083803
51;-0.026541;0.003216;0.051508
52;0.032519;0.017443;0.058198
53;0.008733;0.016883;0.068231
54;0.002692;0.029490;0.057823
55;0.000458;0.005319;0.033652
56;-0.000682;0.000857;-0.007234
57;-0.010722;-0.005912;-0.005401
58;0.008370;0.003787;-0.002343
59;-0.008547;-0.010456;-0.023117
60;-0.027987;-0.014276;-0.037163
61;-0.061677;-0.035397;-0.000847
62;-0.050511;-0.021514;0.012508
63;-0.072331;-0.000807;0.034706
64;-0.057976;-0.025637;0.015392
65;-0.031519;0.010445;0.004560
66;-0.025707;0.008694;0.002118
67;0.000281;0.016833;0.000167
68;0.002453;0.013237;0.000510
69;0.011530;0.022144;-0.004541
70;0.020837;0.037217;0.008985
71;0.017593;0.009190;0.033646
72;0.014759;0.023554;0.032924
73;-0.001159;0.005299;0.025183
74;-0.007710;0.022209;0.022202
75;-0.008359;-0.009616;0.005260
76;0.025399;0.024274;-0.002737
77;0.010781;0.031470;0.002467
78;0.034458;0.005143;-0.014270
79;0.030482;0.003497;0.002834
80;0.050097;-0.002363;0.013291
81;0.032910;-0.004440;-0.010133
82;0.041620;-0.001953;-0.009313
83;0.023894;-0.019156;-0.009463
84;0.013121;0.012789;-0.002256
85;-0.010453;-0.007981;-0.010005
86;-0.005380;-0.019783;0.004352
87;-0.009258;-0.002052;0.030425
88;-0.021292;-0.045702;0.050971
89;0.026146;-0.021579;0.033865
90;0.002773;-0.053227;0.045724
91;0.030582;0.010392;0.035818
92;0.051489;-0.000051;-0.012316
93;0.057206;0.038465;-0.036166
94;0.026515;0.056093;-0.023896
95;-0.004638;0.010574;-0.013779
96;-0.001059;-0.017616;0.054587
97;-0.004440;-0.030886;0.172942
98;0.062896;0.052909;0.381738
99;0.151265;0.190700;0.646021
100;0.217617;0.194721;0.816266
101;0.067588;0.171728;0.640145
102;-0.092437;0.274817;-0.042452
103;-0.327178;-0.042631;-0.695497
104;-0.246521;-0.024338;-0.788863
105;-0.257578;0.098475;-0.674319
106;-0.175706;-0.063637;-0.774287
107;-0.101660;0.081118;-0.358567
108;-0.021116;0.113010;-0.163279
109;-0.048770;0.043892;0.020672
110;0.000340;0.052492;0.047244
111;0.000480;0.012048;0.058751
112;0.018058;0.067110;0.084393
113;0.049970;0.049983;0.051254
114;0.015746;0.050951;0.078180
115;0.045121;0.027110;0.041987
116;0.014749;0.012219;0.049003
117;0.018317;0.015184;0.053891
118;-0.000662;0.026979;0.056043
119;-0.007158;-0.013274;0.013578
120;-0.007682;0.004675;0.006813
121;-0.019883;-0.007646;0.017602
122;0.003600;0.000082;0.011675
123;-0.007395;0.005342;0.026355
124;-0.012486;-0.009438;-0.007935
125;-0.001745;0.018103;0.016809
126;-0.037107;-0.011301;0.036915
127;0.019613;0.017873;0.035391
128;-0.008633;-0.017793;0.036189
129;-0.004282;-0.005580;0.036886
130;0.004190;0.010309;0.044916
131;-0.000243;0.023271;0.034543
132;0.014873;0.029460;0.014220
133;0.015908;0.032885;0.004864
134;0.009421;-0.002397;0.026379
135;0.011362;-0.019866;0.023543
136;-0.011721;-0.034698;0.012140
137;-0.003197;0.001177;-0.006228
138;-0.011701;-0.022208;0.002392
139;0.023256;0.004538;0.001073
140;0.037694;0.006898;0.034619
141;0.064163;0.005231;-0.000155
142;0.159794;0.003598;-0.018030
143;0.151175;0.041774;-0.015335
144;-0.237891;-0.012734;-0.018806
145;-0.352718;-0.056392;-0.005816
146;-0.145461;-0.004005;0.054791
147;0.057300;0.041104;-0.025328
148;0.145346;0.041395;-0.048196
149;0.079493;-0.005702;0.042899
150;0.061727;-0.001393;0.031057
151;0.053948;0.022649;0.013008
152;0.005569;-0.005434;-0.000508
153;-0.115722;-0.023986;-0.010206
154;-0.201657;-0.018315;-0.010163
155;-0.048052;-0.017842;0.011843
156;0.197965;0.037432;-0.046840
157;0.056178;0.051379;0.020616
158;-0.149460;-0.005193;0.062822
159;-0.086880;-0.044205;0.057166
160;0.183101;0.018808;-0.060996
161;0.090287;0.052750;-0.041803
162;-0.162443;-0.036710;0.043792
163;-0.158158;-0.037914;0.063215
164;0.095006;0.009789;-0.015542
165;0.162132;0.045605;-0.060670
166;-0.059042;0.031729;0.029408
167;-0.119767;-0.027775;0.044846
168;0.057446;-0.020856;-0.017730
169;0.106000;0.051335;-0.037305
170;-0.072419;-0.008507;0.023695
171;-0.080719;-0.029430;0.042900
172;0.089336;0.033865;-0.025968
173;0.057467;0.031105;-0.010218
174;-0.049539;-0.002660;0.021095
175;-0.095940;-0.033433;0.006350
176;-0.042989;0.009587;0.004950
177;-0.019336;0.000087;-0.003109
178;-0.003395;0.012245;-0.010763
179;-0.010362;0.010404;0.002651
180;-0.002895;-0.004039;0.014989
181;0.017974;0.016973;0.005743
182;0.008964;-0.016393;0.003309
183;0.030436;0.022867;0.017742
184;0.010483;-0.004209;-0.000999
185;0.032559;0.003302;0.006953
186;0.101342;0.031876;-0.016138
187;0.217836;0.016074;-0.032670
188;0.221783;0.014875;-0.001587
189;0.013091;0.046535;0.048232
190;-0.296701;-0.027373;0.029750
191;-0.393307;-0.014628;0.056545
192;-0.212395;-0.000530;0.013785
193;-0.012752;-0.013048;-0.043439
194;0.090875;0.024188;-0.057394
195;0.043109;-0.006979;0.023679
196;0.030054;0.011723;0.006377
197;-0.000378;0.009121;0.014631
198;-0.000037;-0.008757;0.007938
199;0.060840;0.006489;-0.003307
200;0.067204;0.000035;-0.004737
201;0.054279;-0.002003;-0.011198
202;0.032152;0.003048;0.017756
203;0.012964;-0.002920;-0.006541
204;-0.010481;-0.008633;0.006965
205;0.003450;0.002378;0.000423
206;-0.012771;0.013460;-0.001397
207;-0.079387;0.025125;0.011258
208;-0.258661;-0.000014;-0.009951
209;-0.404316;0.007212;0.030774
210;-0.261639;-0.034776;0.061047
211;0.209519;0.003622;-0.038352
212;0.391854;0.076062;-0.131834
213;0.098014;0.020689;0.052498
214;-0.083230;-0.011445;0.079044
215;-0.111717;-0.022709;0.023922
216;-0.077625;0.008879;-0.025099
217;-0.050143;-0.009540;-0.024245
218;-0.015703;-0.005912;-0.012609
219;-0.004187;0.021834;-0.001777
220;-0.016872;-0.005488;0.000659
221;0.025341;-0.007439;0.002967
222;0.071711;0.006474;0.001687
223;0.074125;0.001165;0.013986
224;0.053189;0.021370;0.008264
225;0.031696;-0.004206;-0.012166
226;-0.003134;-0.018588;-0.026340
227;-0.027635;0.001894;0.007633
228;-0.056212;-0.000877;0.001577
229;-0.182434;0.028104;0.024189
230;-0.354873;0.049974;0.001136
231;-0.197426;-0.044103;0.082004
232;0.305821;-0.007474;-0.083591
233;0.308875;0.036026;-0.109507
234;0.039824;-0.002782;0.071564
235;-0.071310;-0.019499;0.097046
236;-0.046984;0.031137;0.035155
237;-0.063294;-0.001963;-0.014536
238;-0.057353;-0.026558;-0.015134
239;-0.019363;-0.008252;-0.032963
240;0.008497;-0.007758;0.009469
241;0.053900;-0.003611;0.006897
242;0.087362;0.014773;-0.000986
243;0.081637;0.018822;0.004329
244;0.038562;0.005933;0.029003
245;0.002548;-0.012419;0.017612
246;-0.010073;-0.004017;-0.006312
247;-0.039390;0.007460;-0.002058
248;-0.056825;0.041844;0.011929
249;-0.039790;0.014161;0.000874
250;-0.064179;-0.181588;0.038978
251;0.003129;-0.296726;-0.025099
252;0.077890;-0.132497;-0.041819
253;0.020580;0.274619;0.014204
254;0.033334;0.455091;0.060154
255;-0.025667;0.032213;0.159212
256;-0.055236;-0.189672;-0.027323
257;0.003715;-0.125906;-0.125020
258;0.031012;-0.004669;-0.073112
259;0.032928;-0.014662;-0.028385
260;-0.013310;-0.122143;-0.008773
261;-0.058671;-0.095569;0.024429
262;0.013310;0.497482;-0.034514
263;-0.007039;0.122854;0.145423
264;-0.056673;-0.316668;0.025765
265;0.026558;-0.235597;-0.093256
266;0.030439;0.055247;-0.029959
267;0.054830;0.417005;-0.015753
268;-0.041918;0.037540;0.159288
269;-0.071202;-0.273260;-0.007104
270;-0.002135;-0.071278;-0.055707
271;0.063782;0.098547;-0.024001
272;0.016435;0.069768;0.012839
273;0.000387;0.046632;0.004022
274;0.045139;0.047868;0.014523
275;0.038500;0.000932;-0.025379
276;-0.098024;-0.093897;0.009031
277;-0.186787;-0.076005;0.021124
278;-0.102613;0.007654;0.029625
279;0.022222;0.032341;0.006100
280;0.158394;0.000873;-0.025801
281;0.244611;-0.017743;-0.036309
282;0.188385;0.031039;-0.028105
283;-0.048777;0.026905;0.045571
284;-0.245226;-0.009127;0.043942
285;-0.252351;-0.021992;0.027425
286;-0.052608;-0.035022;-0.009967
287;0.203942;0.007018;-0.048981
288;0.137875;0.029011;-0.060322
289;-0.121510;0.015645;0.038798
290;-0.168272;-0.013162;0.052020
291;0.008880;-0.009609;0.018928
292;0.164136;0.048879;-0.064359
293;0.076118;0.016240;-0.011727
294;-0.092897;-0.014073;0.056782
295;-0.138580;-0.056487;0.042554
296;-0.048905;0.000765;0.006165
297;-0.042618;0.002923;-0.027831
298;0.014127;0.017124;-0.015173
299;0.196636;-0.025906;0.026347
300;0.235746;0.025726;0.005199
301;0.045591;0.037068;0.033580
302;-0.219186;-0.041316;0.079390
303;-0.148444;-0.037472;0.065838
304;0.093047;0.030068;-0.023319
305;0.143933;0.044404;-0.075620
306;0.043942;0.025276;-0.034839
307;-0.056721;-0.006269;-0.002476
308;-0.092448;-0.026648;0.009131
309;-0.008665;-0.004487;0.005443
310;0.018856;-0.017742;0.033622
311;0.029334;0.020058;-0.006779
312;-0.016313;0.000328;0.025246
313;-0.013028;0.011518;0.024765
314;-0.026367;-0.001998;0.007751
315;-0.023007;-0.000211;-0.009050
316;0.000117;-0.004397;0.003046
317;-0.005120;0.002990;-0.019383
318;-0.003641;0.011886;0.011028
319;0.003354;0.001336;0.000856
320;-0.000827;-0.015343;0.000104
321;0.021841;0.013397;0.011637
322;-0.050513;-0.014273;0.004356
323;-0.040084;-0.020432;-0.001937
324;0.140780;-0.003065;-0.022740
325;0.105075;0.038192;-0.014407
326;-0.187609;0.009302;0.020199
327;-0.162249;-0.030272;0.067309
328;0.111771;-0.038250;-0.055893
329;0.177376;0.075288;-0.052151
330;-0.037150;0.004692;0.090375
331;-0.152591;-0.041863;0.068153
332;0.014110;0.006339;-0.004320
333;0.165135;0.039829;-0.065217
334;0.086205;0.051349;-0.006851
335;-0.106571;-0.032802;0.052620
336;-0.147194;-0.033473;0.036907
337;-0.030676;0.011234;-0.001417
338;0.087383;-0.017689;-0.013305
339;0.120864;0.037441;-0.025999
340;0.002116;0.008993;0.018515
341;-0.031537;-0.001724;0.015676
342;-0.012388;0.010232;-0.022992
343;-0.007795;0.019668;-0.067036
344;0.032360;-0.011668;-0.148209
345;-0.004557;-0.015777;-0.291933
346;-0.016793;-0.027046;-0.420081
347;-0.013262;-0.012906;-0.431832
348;0.016882;0.051535;-0.514992
349;-0.017038;0.002529;-0.492285
350;0.006139;0.149406;-0.243786
351;-0.006667;0.220814;0.212110
352;0.002023;0.199629;0.932864
353;-0.098038;0.202259;1.140470
354;-0.092965;0.208950;0.810332
355;-0.125182;-0.023071;0.484499
356;-0.085467;0.007596;0.233757
357;-0.044684;0.034154;0.084313
358;-0.009791;0.040635;0.008445
359;-0.020280;0.039885;-0.129512
360;-0.007878;0.070269;-0.120846
361;0.035575;0.022448;-0.148030
362;0.048401;0.039118;-0.150631
363;0.041838;0.016424;-0.067273
364;0.048117;-0.009154;-0.099382
365;0.047368;0.022119;-0.006954
366;0.007482;-0.006412;-0.031177
367;0.006092;-0.024060;-0.074749
368;0.000294;0.018031;-0.122214
369;0.009968;0.015823;-0.151214
370;-0.010720;0.020065;-0.096121
371;0.016589;0.005747;-0.078009
372;-0.007718;-0.028065;-0.031850
373;0.035243;0.011101;-0.023370
374;-0.021234;-0.016460;0.025278
375;0.004214;0.011717;0.028221
376;-0.024058;-0.004155;0.019368
377;-0.005202;-0.015642;0.013076
378;0.016732;0.008326;-0.005915
379;0.008089;-0.019338;0.003755
380;0.072997;0.045551;0.031006
